0000000000000000
0000000100010000
0000000000020000
0000000000030000
0000000000040000
0000000000050000
0000000000000006
0000000000000007
0000000000080000
0000000700000000
0000000000000000
0000000800000001
0000000000000002
0000000000030000
0000000000000004
0000000000050000
0000000000060000
0000000000000007
0000000000080000
0000000000090000
00000000000A0000
00000000000B0000
00000000000C0000
00000000000D0000
000000000000000E
00000000000F0000
0000000000000010
0000000000110000
0000000000120000
0000000000000013
0000000000140000
0000000000150000
0000000000000016
0000000000170000
0000000000180000
0000000000190000
000000000000001A
000000000000001B
0000000200000000
0000000000000000
0000000900010002
0000000300000000
0000000600000000
0000000000000000
0000000400010000
0000000000020000
0000000000030000
0000000000040000
0000000000000005
0000000000060000
0000000000000007
0000000000080000
0000000000000009
000000000000000A
00000000000B0000
000000000000000C
00000000000D0000
00000000000E0000
00000000000F0000
0000000000000010
0000000000000011
0000000000000012
0000000000000013
0000000000140000
0000000000000015
0000000000000016
0000000000170000
0000000000180000
0000000000000019
00000000001A0000
000000000000001B
00000000001C0000
000000000000001D
00000000001E0000
000000000000001F
0000000000200000
0000000A00000000
0000000000000000
0000000500000000
0000000000000000
